[('img_023_005_00146.thm.tif', (array([[ 0.08195782, -0.42588051,  0.90105977,  0.        ],
       [ 0.99432895,  0.09641933, -0.0448693 ,  0.        ],
       [-0.06777062,  0.89962721,  0.43136763,  0.        ],
       [ 0.        ,  0.        ,  0.        ,  1.        ]]), [657713.244915, 6860690.732294, 38.023818, 1])), ('img_023_005_00147.thm.tif', (array([[ 0.07565323, -0.42560597,  0.90174062,  0.        ],
       [ 0.99459548,  0.09669932, -0.03780306,  0.        ],
       [-0.0711085 ,  0.89972707,  0.43062139,  0.        ],
       [ 0.        ,  0.        ,  0.        ,  1.        ]]), [657713.270825, 6860690.727321, 38.036934, 1])), ('img_023_005_00148.thm.tif', (array([[ 0.05887495, -0.42761954,  0.90203951,  0.        ],
       [ 0.99517881,  0.09614423, -0.01937604,  0.        ],
       [-0.07844032,  0.89883136,  0.43121839,  0.        ],
       [ 0.        ,  0.        ,  0.        ,  1.        ]]), [657713.399257, 6860690.710358, 38.098645, 1])), ('img_023_005_00149.thm.tif', (array([[ 0.05444162, -0.42810838,  0.9020861 ,  0.        ],
       [ 0.99512884,  0.09762246, -0.01372755,  0.        ],
       [-0.08218699,  0.89843924,  0.43133772,  0.        ],
       [ 0.        ,  0.        ,  0.        ,  1.        ]]), [657713.580625, 6860690.705757, 38.184665, 1])), ('img_023_005_00150.thm.tif', (array([[ 0.07383845, -0.42762937,  0.90093341,  0.        ],
       [ 0.99481944,  0.0948797 , -0.03649834,  0.        ],
       [-0.06987253,  0.89896105,  0.43241978,  0.        ],
       [ 0.        ,  0.        ,  0.        ,  1.        ]]), [657713.793841, 6860690.710157, 38.285456, 1])), ('img_023_005_00151.thm.tif', (array([[ 0.08701353, -0.42655359,  0.900267  ,  0.        ],
       [ 0.9939554 ,  0.09789902, -0.04968347,  0.        ],
       [-0.06694259,  0.89914838,  0.43249378,  0.        ],
       [ 0.        ,  0.        ,  0.        ,  1.        ]]), [657714.016372, 6860690.711766, 38.391434, 1])), ('img_023_005_00152.thm.tif', (array([[ 0.08479649, -0.42722914,  0.90015822,  0.        ],
       [ 0.9941299 ,  0.09720075, -0.04751579,  0.        ],
       [-0.06719593,  0.89890337,  0.43296355,  0.        ],
       [ 0.        ,  0.        ,  0.        ,  1.        ]]), [657714.250593, 6860690.697815, 38.503547, 1])), ('img_023_005_00153.thm.tif', (array([[ 0.08042773, -0.4296268 ,  0.89941769,  0.        ],
       [ 0.99446366,  0.09580724, -0.04316248,  0.        ],
       [-0.06762696,  0.89790967,  0.4349538 ,  0.        ],
       [ 0.        ,  0.        ,  0.        ,  1.        ]]), [657714.470638, 6860690.685614, 38.609041, 1])), ('img_023_005_00154.thm.tif', (array([[ 0.0874166 , -0.4313854 ,  0.89792259,  0.        ],
       [ 0.99396606,  0.09772187, -0.04981871,  0.        ],
       [-0.0662556 ,  0.89685956,  0.43732496,  0.        ],
       [ 0.        ,  0.        ,  0.        ,  1.        ]]), [657714.704545, 6860690.680283, 38.719876, 1])), ('img_023_005_00155.thm.tif', (array([[ 0.08470393, -0.43113662,  0.89830199,  0.        ],
       [ 0.99431438,  0.09496037, -0.04818139,  0.        ],
       [-0.06453033,  0.89727573,  0.43672885,  0.        ],
       [ 0.        ,  0.        ,  0.        ,  1.        ]]), [657714.911902, 6860690.666789, 38.820354, 1])), ('img_023_005_00156.thm.tif', (array([[ 0.09467741, -0.42778072,  0.89891036,  0.        ],
       [ 0.99370337,  0.09495547, -0.05947328,  0.        ],
       [-0.05991493,  0.89888103,  0.43407728,  0.        ],
       [ 0.        ,  0.        ,  0.        ,  1.        ]]), [657715.131773, 6860690.657853, 38.927082, 1])), ('img_023_005_00157.thm.tif', (array([[ 0.08845991, -0.4261645 ,  0.90031032,  0.        ],
       [ 0.99393709,  0.09701806, -0.05173542,  0.        ],
       [-0.06529856,  0.89942833,  0.43216291,  0.        ],
       [ 0.        ,  0.        ,  0.        ,  1.        ]]), [657715.352686, 6860690.644646, 39.034461, 1])), ('img_023_005_00158.thm.tif', (array([[ 0.06966846, -0.4309031 ,  0.89970486,  0.        ],
       [ 0.99486795,  0.09635084, -0.03089129,  0.        ],
       [-0.07337616,  0.89723968,  0.43540429,  0.        ],
       [ 0.        ,  0.        ,  0.        ,  1.        ]]), [657715.58942, 6860690.620606, 39.14738, 1])), ('img_023_005_00159.thm.tif', (array([[ 0.07264767, -0.42821968,  0.90074981,  0.        ],
       [ 0.99482487,  0.09543542, -0.03486471,  0.        ],
       [-0.07103368,  0.89862116,  0.43293675,  0.        ],
       [ 0.        ,  0.        ,  0.        ,  1.        ]]), [657715.828697, 6860690.613322, 39.262458, 1])), ('img_023_005_00160.thm.tif', (array([[ 0.08811922, -0.42817603,  0.89938884,  0.        ],
       [ 0.99404127,  0.09595872, -0.05170946,  0.        ],
       [-0.06416345,  0.89858623,  0.43408046,  0.        ],
       [ 0.        ,  0.        ,  0.        ,  1.        ]]), [657716.089829, 6860690.613083, 39.386586, 1])), ('img_023_005_00161.thm.tif', (array([[ 0.09115571, -0.42795209,  0.89919277,  0.        ],
       [ 0.99387746,  0.09570851, -0.0552039 ,  0.        ],
       [-0.06243577,  0.89871958,  0.43405631,  0.        ],
       [ 0.        ,  0.        ,  0.        ,  1.        ]]), [657716.311051, 6860690.604228, 39.492478, 1])), ('img_023_005_00162.thm.tif', (array([[ 0.07945463, -0.43172521,  0.89849892,  0.        ],
       [ 0.99473932,  0.09280311, -0.04337368,  0.        ],
       [-0.06465798,  0.89721844,  0.43682767,  0.        ],
       [ 0.        ,  0.        ,  0.        ,  1.        ]]), [657716.549437, 6860690.578784, 39.606963, 1])), ('img_023_005_00163.thm.tif', (array([[ 0.08347116, -0.42722516,  0.90028397,  0.        ],
       [ 0.99447408,  0.09343608, -0.04786452,  0.        ],
       [-0.06367008,  0.89930438,  0.43266356,  0.        ],
       [ 0.        ,  0.        ,  0.        ,  1.        ]]), [657716.75176, 6860690.575571, 39.70343, 1])), ('img_023_005_00164.thm.tif', (array([[ 0.09737461, -0.43006446,  0.89753147,  0.        ],
       [ 0.99354405,  0.09475067, -0.06239009,  0.        ],
       [-0.05820995,  0.89781227,  0.4365143 ,  0.        ],
       [ 0.        ,  0.        ,  0.        ,  1.        ]]), [657716.970852, 6860690.572456, 39.806879, 1])), ('img_023_005_00165.thm.tif', (array([[ 0.10781425, -0.43138938,  0.89570045,  0.        ],
       [ 0.99293295,  0.09167434, -0.07536558,  0.        ],
       [-0.04960084,  0.89749597,  0.43822453,  0.        ],
       [ 0.        ,  0.        ,  0.        ,  1.        ]]), [657717.183086, 6860690.56385, 39.907178, 1])), ('img_023_005_00166.thm.tif', (array([[ 0.11367977, -0.42703672,  0.89705995,  0.        ],
       [ 0.99227837,  0.09388141, -0.08105496,  0.        ],
       [-0.04960381,  0.8993475 ,  0.43441172,  0.        ],
       [ 0.        ,  0.        ,  0.        ,  1.        ]]), [657717.38963, 6860690.554287, 40.007643, 1])), ('img_023_005_00167.thm.tif', (array([[ 0.11862264, -0.42730138,  0.89629359,  0.        ],
       [ 0.99191412,  0.09200547, -0.0874149 ,  0.        ],
       [-0.0451114 ,  0.89941566,  0.4347602 ,  0.        ],
       [ 0.        ,  0.        ,  0.        ,  1.        ]]), [657717.636101, 6860690.53237, 40.125679, 1])), ('img_023_005_00168.thm.tif', (array([[ 0.11407351, -0.43121802,  0.89500741,  0.        ],
       [ 0.99238579,  0.09158161, -0.08236054,  0.        ],
       [-0.04645087,  0.89758778,  0.43838167,  0.        ],
       [ 0.        ,  0.        ,  0.        ,  1.        ]]), [657717.874553, 6860690.509118, 40.239829, 1])), ('img_023_005_00169.thm.tif', (array([[ 0.1207584 , -0.42771598,  0.8958105 ,  0.        ],
       [ 0.99175808,  0.09090648, -0.09028803,  0.        ],
       [-0.04281734,  0.89933033,  0.4351685 ,  0.        ],
       [ 0.        ,  0.        ,  0.        ,  1.        ]]), [657718.12556, 6860690.491215, 40.360281, 1])), ('img_023_005_00170.thm.tif', (array([[ 0.12220804, -0.42764623,  0.89564719,  0.        ],
       [ 0.99160857,  0.09094383, -0.09187854,  0.        ],
       [-0.04216207,  0.89935973,  0.43517174,  0.        ],
       [ 0.        ,  0.        ,  0.        ,  1.        ]]), [657718.366808, 6860690.469705, 40.475882, 1])), ('img_023_005_00171.thm.tif', (array([[ 0.11992042, -0.43045114,  0.89461216,  0.        ],
       [ 0.99200856,  0.08755208, -0.09084964,  0.        ],
       [-0.03921883,  0.89835764,  0.43751049,  0.        ],
       [ 0.        ,  0.        ,  0.        ,  1.        ]]), [657718.591205, 6860690.444649, 40.583452, 1])), ('img_023_005_00172.thm.tif', (array([[ 0.10641093, -0.42865581,  0.89717942,  0.        ],
       [ 0.99330535,  0.08662427, -0.07642457,  0.        ],
       [-0.04495767,  0.89930553,  0.43500388,  0.        ],
       [ 0.        ,  0.        ,  0.        ,  1.        ]]), [657718.820359, 6860690.413378, 40.695153, 1])), ('img_023_005_00173.thm.tif', (array([[ 0.10136172, -0.43118557,  0.89655162,  0.        ],
       [ 0.99354136,  0.09007625, -0.06900605,  0.        ],
       [-0.0510036 ,  0.89775569,  0.43753098,  0.        ],
       [ 0.        ,  0.        ,  0.        ,  1.        ]]), [657719.040734, 6860690.396733, 40.800853, 1])), ('img_023_005_00174.thm.tif', (array([[ 0.10813353, -0.42871566,  0.89694483,  0.        ],
       [ 0.99310632,  0.0876448 , -0.07783466,  0.        ],
       [-0.04524361,  0.89917811,  0.43523757,  0.        ],
       [ 0.        ,  0.        ,  0.        ,  1.        ]]), [657719.2657, 6860690.383027, 40.908056, 1])), ('img_023_005_00175.thm.tif', (array([[ 0.10125395, -0.43658901,  0.89394501,  0.        ],
       [ 0.9935532 ,  0.09042808, -0.06837253,  0.        ],
       [-0.05098704,  0.89510491,  0.44293061,  0.        ],
       [ 0.        ,  0.        ,  0.        ,  1.        ]]), [657719.496447, 6860690.361967, 41.019587, 1])), ('img_023_005_00176.thm.tif', (array([[ 0.10285312, -0.438034  ,  0.89305512,  0.        ],
       [ 0.99333982,  0.09210826, -0.06922478,  0.        ],
       [-0.05193494,  0.8942272 ,  0.44459023,  0.        ],
       [ 0.        ,  0.        ,  0.        ,  1.        ]]), [657719.712475, 6860690.350572, 41.124257, 1])), ('img_023_005_00177.thm.tif', (array([[ 0.10248319, -0.43739315,  0.89341168,  0.        ],
       [ 0.99344782,  0.09067543, -0.0695658 ,  0.        ],
       [-0.05058288,  0.89468721,  0.44381998,  0.        ],
       [ 0.        ,  0.        ,  0.        ,  1.        ]]), [657719.954124, 6860690.331321, 41.241753, 1])), ('img_023_005_00178.thm.tif', (array([[ 0.10582868, -0.4316055 ,  0.89583312,  0.        ],
       [ 0.99311592,  0.09136498, -0.07330217,  0.        ],
       [-0.05021016,  0.89742361,  0.43830333,  0.        ],
       [ 0.        ,  0.        ,  0.        ,  1.        ]]), [657720.17656, 6860690.317477, 41.351273, 1])), ('img_023_005_00179.thm.tif', (array([[ 0.09103599, -0.43277199,  0.89689512,  0.        ],
       [ 0.99405194,  0.09355169, -0.05575674,  0.        ],
       [-0.0597761 ,  0.89663621,  0.43871441,  0.        ],
       [ 0.        ,  0.        ,  0.        ,  1.        ]]), [657720.394905, 6860690.294613, 41.458284, 1])), ('img_023_005_00180.thm.tif', (array([[ 0.09371375, -0.43234255,  0.89682644,  0.        ],
       [ 0.99395343,  0.09240084, -0.05931838,  0.        ],
       [-0.05722166,  0.89696266,  0.43838758,  0.        ],
       [ 0.        ,  0.        ,  0.        ,  1.        ]]), [657720.652059, 6860690.280061, 41.582544, 1])), ('img_023_005_00181.thm.tif', (array([[ 0.09212649, -0.43318635,  0.89658368,  0.        ],
       [ 0.9941073 ,  0.09166908, -0.0578572 ,  0.        ],
       [-0.05712605,  0.89663056,  0.43907886,  0.        ],
       [ 0.        ,  0.        ,  0.        ,  1.        ]]), [657720.897902, 6860690.264313, 41.701118, 1])), ('img_023_005_00182.thm.tif', (array([[ 0.0666357 , -0.43172984,  0.89953823,  0.        ],
       [ 0.99519642,  0.09356079, -0.0288177 ,  0.        ],
       [-0.07172005,  0.89713752,  0.43589048,  0.        ],
       [ 0.        ,  0.        ,  0.        ,  1.        ]]), [657721.126825, 6860690.23916, 41.813072, 1])), ('img_023_005_00183.thm.tif', (array([[ 0.06474165, -0.43465823,  0.89826541,  0.        ],
       [ 0.99530351,  0.09304505, -0.02671236,  0.        ],
       [-0.0719684 ,  0.89577611,  0.43864075,  0.        ],
       [ 0.        ,  0.        ,  0.        ,  1.        ]]), [657721.392575, 6860690.23371, 41.940242, 1])), ('img_023_005_00184.thm.tif', (array([[ 0.0567503 , -0.43035926,  0.90087197,  0.        ],
       [ 0.99566816,  0.09095935, -0.0192694 ,  0.        ],
       [-0.07364997,  0.89806309,  0.43365698,  0.        ],
       [ 0.        ,  0.        ,  0.        ,  1.        ]]), [657721.637386, 6860690.220508, 42.057818, 1])), ('img_023_005_00185.thm.tif', (array([[ 0.04659101, -0.43678216,  0.89835996,  0.        ],
       [ 0.99593452,  0.08972166, -0.00802882,  0.        ],
       [-0.0770955 ,  0.89508177,  0.43918665,  0.        ],
       [ 0.        ,  0.        ,  0.        ,  1.        ]]), [657721.881314, 6860690.208433, 42.175293, 1])), ('img_023_005_00186.thm.tif', (array([[ 0.05661241, -0.43171317,  0.90023262,  0.        ],
       [ 0.99573175,  0.09024549, -0.01934012,  0.        ],
       [-0.07289255,  0.89748509,  0.43497953,  0.        ],
       [ 0.        ,  0.        ,  0.        ,  1.        ]]), [657722.149368, 6860690.212143, 42.30329, 1])), ('img_023_005_00187.thm.tif', (array([[ 0.07078134, -0.43293813,  0.8986404 ,  0.        ],
       [ 0.99522315,  0.09137772, -0.03436562,  0.        ],
       [-0.06723753,  0.89678018,  0.43733789,  0.        ],
       [ 0.        ,  0.        ,  0.        ,  1.        ]]), [657722.667048, 6860690.206545, 42.550718, 1])), ('img_023_005_00188.thm.tif', (array([[ 0.08179341, -0.43235657,  0.89798532,  0.        ],
       [ 0.99467014,  0.09216635, -0.04622429,  0.        ],
       [-0.06277866,  0.89698002,  0.43759077,  0.        ],
       [ 0.        ,  0.        ,  0.        ,  1.        ]]), [657722.923581, 6860690.205546, 42.67325, 1])), ('img_023_005_00189.thm.tif', (array([[ 0.0884102 , -0.43087583,  0.89806996,  0.        ],
       [ 0.99420454,  0.09353327, -0.05299876,  0.        ],
       [-0.06116353,  0.89755086,  0.43664799,  0.        ],
       [ 0.        ,  0.        ,  0.        ,  1.        ]]), [657723.188661, 6860690.20022, 42.801104, 1])), ('img_023_005_00190.thm.tif', (array([[ 0.09397651, -0.43121384,  0.89734221,  0.        ],
       [ 0.99374943,  0.09517931, -0.05833501,  0.        ],
       [-0.06025354,  0.89721543,  0.43746313,  0.        ],
       [ 0.        ,  0.        ,  0.        ,  1.        ]]), [657723.439474, 6860690.188782, 42.92228, 1])), ('img_023_005_00191.thm.tif', (array([[ 0.09341674, -0.42772316,  0.89906963,  0.        ],
       [ 0.99390772,  0.09310965, -0.05897482,  0.        ],
       [-0.05848716,  0.89910149,  0.43381536,  0.        ],
       [ 0.        ,  0.        ,  0.        ,  1.        ]]), [657723.682263, 6860690.172115, 43.039232, 1])), ('img_023_005_00192.thm.tif', (array([[ 0.08569555, -0.43192649,  0.89782837,  0.        ],
       [ 0.99448641,  0.09174911, -0.05078274,  0.        ],
       [-0.06044055,  0.89722996,  0.43740752,  0.        ],
       [ 0.        ,  0.        ,  0.        ,  1.        ]]), [657723.903328, 6860690.154233, 43.14564, 1])), ('img_023_005_00193.thm.tif', (array([[ 0.07291423, -0.43197871,  0.89893154,  0.        ],
       [ 0.99486864,  0.09489308, -0.03509532,  0.        ],
       [-0.07014195,  0.89687775,  0.43668113,  0.        ],
       [ 0.        ,  0.        ,  0.        ,  1.        ]]), [657724.152011, 6860690.136305, 43.2657, 1])), ('img_023_005_00194.thm.tif', (array([[ 0.07140702, -0.43191393,  0.89908364,  0.        ],
       [ 0.99510257,  0.09261653, -0.03454065,  0.        ],
       [-0.06835142,  0.89714688,  0.43641214,  0.        ],
       [ 0.        ,  0.        ,  0.        ,  1.        ]]), [657724.41395, 6860690.126137, 43.39064, 1])), ('img_023_005_00195.thm.tif', (array([[ 0.07593648, -0.43640412,  0.89654062,  0.        ],
       [ 0.99505731,  0.09086797, -0.04004949,  0.        ],
       [-0.06398906,  0.89515052,  0.44114731,  0.        ],
       [ 0.        ,  0.        ,  0.        ,  1.        ]]), [657724.67244, 6860690.118019, 43.514425, 1])), ('img_023_005_00196.thm.tif', (array([[ 0.07686424, -0.4352048 ,  0.89704441,  0.        ],
       [ 0.9949438 ,  0.09181265, -0.04070957,  0.        ],
       [-0.06464302,  0.89563788,  0.44006143,  0.        ],
       [ 0.        ,  0.        ,  0.        ,  1.        ]]), [657724.933064, 6860690.105359, 43.640489, 1])), ('img_023_005_00197.thm.tif', (array([[ 0.07864282, -0.42963779,  0.89957027,  0.        ],
       [ 0.99482826,  0.09200739, -0.04302748,  0.        ],
       [-0.06428088,  0.89830174,  0.43465154,  0.        ],
       [ 0.        ,  0.        ,  0.        ,  1.        ]]), [657725.193135, 6860690.096356, 43.766753, 1])), ('img_023_005_00198.thm.tif', (array([[ 0.07245357, -0.43033509,  0.89975674,  0.        ],
       [ 0.99519775,  0.09072545, -0.03674691,  0.        ],
       [-0.06581734,  0.89809832,  0.4348419 ,  0.        ],
       [ 0.        ,  0.        ,  0.        ,  1.        ]]), [657725.405927, 6860690.085169, 43.86968, 1])), ('img_023_005_00199.thm.tif', (array([[ 0.07698453, -0.42787162,  0.90055497,  0.        ],
       [ 0.99512931,  0.08875349, -0.04290073,  0.        ],
       [-0.06157139,  0.89947134,  0.43262024,  0.        ],
       [ 0.        ,  0.        ,  0.        ,  1.        ]]), [657725.642985, 6860690.075038, 43.981464, 1])), ('img_023_005_00200.thm.tif', (array([[ 0.09989084, -0.43038679,  0.89710034,  0.        ],
       [ 0.99357623,  0.0913345 , -0.06681528,  0.        ],
       [-0.0531798 ,  0.89801181,  0.43674557,  0.        ],
       [ 0.        ,  0.        ,  0.        ,  1.        ]]), [657725.892181, 6860690.08127, 44.101295, 1])), ('img_023_005_00201.thm.tif', (array([[ 0.09583811, -0.43189679,  0.89681671,  0.        ],
       [ 0.99380389,  0.09246932, -0.06167044,  0.        ],
       [-0.05629277,  0.89717032,  0.4380828 ,  0.        ],
       [ 0.        ,  0.        ,  0.        ,  1.        ]]), [657726.146377, 6860690.062349, 44.222718, 1])), ('img_023_005_00202.thm.tif', (array([[ 0.08276495, -0.431481  ,  0.89831738,  0.        ],
       [ 0.99470588,  0.09086245, -0.04800237,  0.        ],
       [-0.06091121,  0.89753449,  0.43671691,  0.        ],
       [ 0.        ,  0.        ,  0.        ,  1.        ]]), [657726.401331, 6860690.037279, 44.346614, 1])), ('img_023_005_00203.thm.tif', (array([[ 0.07711565, -0.43187439,  0.89863101,  0.        ],
       [ 0.99491665,  0.09187793, -0.04122261,  0.        ],
       [-0.06476136,  0.89724186,  0.43676424,  0.        ],
       [ 0.        ,  0.        ,  0.        ,  1.        ]]), [657726.64145, 6860690.023377, 44.462593, 1])), ('img_023_005_00204.thm.tif', (array([[ 0.07229341, -0.43211202,  0.89891761,  0.        ],
       [ 0.9950676 ,  0.09263001, -0.03549857,  0.        ],
       [-0.06792739,  0.8970501 ,  0.43667722,  0.        ],
       [ 0.        ,  0.        ,  0.        ,  1.        ]]), [657726.877403, 6860690.012678, 44.576302, 1])), ('img_023_005_00205.thm.tif', (array([[ 0.06902923, -0.43696992,  0.89682342,  0.        ],
       [ 0.99507993,  0.09420115, -0.03069337,  0.        ],
       [-0.07106972,  0.89452973,  0.44132263,  0.        ],
       [ 0.        ,  0.        ,  0.        ,  1.        ]]), [657727.1393, 6860690.002503, 44.701877, 1])), ('img_023_005_00206.thm.tif', (array([[ 0.06398975, -0.43375359,  0.89875644,  0.        ],
       [ 0.9954618 ,  0.09130772, -0.02680848,  0.        ],
       [-0.07043513,  0.89639317,  0.43762789,  0.        ],
       [ 0.        ,  0.        ,  0.        ,  1.        ]]), [657727.368933, 6860689.993724, 44.813115, 1])), ('img_023_005_00207.thm.tif', (array([[ 0.06344179, -0.43535596,  0.89802023,  0.        ],
       [ 0.99543609,  0.09188251, -0.02577965,  0.        ],
       [-0.07128903,  0.89555725,  0.43919823,  0.        ],
       [ 0.        ,  0.        ,  0.        ,  1.        ]]), [657727.624414, 6860689.986895, 44.936952, 1])), ('img_023_005_00208.thm.tif', (array([[ 0.07169171, -0.43439733,  0.89786372,  0.        ],
       [ 0.99501689,  0.09368573, -0.03412281,  0.        ],
       [-0.06929416,  0.89583589,  0.43894917,  0.        ],
       [ 0.        ,  0.        ,  0.        ,  1.        ]]), [657727.859199, 6860689.985829, 45.050531, 1])), ('img_023_005_00209.thm.tif', (array([[ 0.06320033, -0.43459147,  0.89840747,  0.        ],
       [ 0.99543361,  0.09197833, -0.02553267,  0.        ],
       [-0.07153773,  0.89591866,  0.43842001,  0.        ],
       [ 0.        ,  0.        ,  0.        ,  1.        ]]), [657728.103838, 6860689.97007, 45.168487, 1])), ('img_023_005_00210.thm.tif', (array([[ 0.06429057, -0.43366366,  0.89877837,  0.        ],
       [ 0.99547834,  0.09097808, -0.02731038,  0.        ],
       [-0.06992562,  0.8964702 ,  0.43755181,  0.        ],
       [ 0.        ,  0.        ,  0.        ,  1.        ]]), [657728.383322, 6860689.961706, 45.302555, 1])), ('img_023_005_00211.thm.tif', (array([[ 0.07774263, -0.43458191,  0.89727067,  0.        ],
       [ 0.99494449,  0.09120825, -0.04202984,  0.        ],
       [-0.06357308,  0.89600202,  0.43947564,  0.        ],
       [ 0.        ,  0.        ,  0.        ,  1.        ]]), [657728.641608, 6860689.963476, 45.425827, 1])), ('img_023_005_00212.thm.tif', (array([[ 0.1018492 , -0.43089753,  0.89663485,  0.        ],
       [ 0.99341197,  0.09164829, -0.06879857,  0.        ],
       [-0.05252992,  0.89773488,  0.43739307,  0.        ],
       [ 0.        ,  0.        ,  0.        ,  1.        ]]), [657728.904355, 6860689.964658, 45.551971, 1])), ('img_023_005_00213.thm.tif', (array([[ 0.15636687, -0.42938273,  0.88948292,  0.        ],
       [ 0.98740165,  0.09005468, -0.13010815,  0.        ],
       [-0.0242359 ,  0.89862151,  0.43805479,  0.        ],
       [ 0.        ,  0.        ,  0.        ,  1.        ]]), [657729.153945, 6860689.97625, 45.670423, 1])), ('img_023_005_00214.thm.tif', (array([[ 0.24103102, -0.42939818,  0.87035697,  0.        ],
       [ 0.97033344,  0.08916142, -0.2247293 ,  0.        ],
       [ 0.01889609,  0.8987032 ,  0.43815008,  0.        ],
       [ 0.        ,  0.        ,  0.        ,  1.        ]]), [657729.359366, 6860689.997733, 45.768447, 1])), ('img_023_005_00215.thm.tif', (array([[ 0.3469142 , -0.42203988,  0.83757559,  0.        ],
       [ 0.93527117,  0.08889267, -0.3425871 ,  0.        ],
       [ 0.07013109,  0.90220864,  0.42555987,  0.        ],
       [ 0.        ,  0.        ,  0.        ,  1.        ]]), [657729.523376, 6860690.024341, 45.846503, 1])), ('img_023_005_00216.thm.tif', (array([[ 0.4474733 , -0.41781317,  0.79069577,  0.        ],
       [ 0.88617539,  0.08827048, -0.45486427,  0.        ],
       [ 0.12025318,  0.90423475,  0.40975443,  0.        ],
       [ 0.        ,  0.        ,  0.        ,  1.        ]]), [657729.635531, 6860690.055687, 45.8982, 1])), ('img_023_005_00217.thm.tif', (array([[ 0.58561304, -0.41242431,  0.69782774,  0.        ],
       [ 0.78745028,  0.08521832, -0.61045875,  0.        ],
       [ 0.19230032,  0.90699726,  0.3746686 ,  0.        ],
       [ 0.        ,  0.        ,  0.        ,  1.        ]]), [657729.726417, 6860690.130907, 45.937682, 1])), ('img_023_005_00218.thm.tif', (array([[ 0.69075932, -0.40729804,  0.59746119,  0.        ],
       [ 0.67914341,  0.08179871, -0.72943347,  0.        ],
       [ 0.24822527,  0.9096248 ,  0.333117  ,  0.        ],
       [ 0.        ,  0.        ,  0.        ,  1.        ]]), [657729.7853, 6860690.216399, 45.962981, 1])), ('img_023_005_00219.thm.tif', (array([[ 0.78137544, -0.40088969,  0.47826758,  0.        ],
       [ 0.54826444,  0.07490979, -0.83294335,  0.        ],
       [ 0.29809148,  0.91305858,  0.27832623,  0.        ],
       [ 0.        ,  0.        ,  0.        ,  1.        ]]), [657729.848291, 6860690.298752, 45.98991, 1])), ('img_023_005_00220.thm.tif', (array([[ 0.84006072, -0.39787295,  0.36877513,  0.        ],
       [ 0.42982208,  0.07340742, -0.89992463,  0.        ],
       [ 0.33098484,  0.91449902,  0.23268127,  0.        ],
       [ 0.        ,  0.        ,  0.        ,  1.        ]]), [657729.903604, 6860690.359649, 46.015931, 1])), ('img_023_005_00221.thm.tif', (array([[ 0.88231633, -0.39337624,  0.25840477,  0.        ],
       [ 0.30595758,  0.06218927, -0.95001182,  0.        ],
       [ 0.35764207,  0.91727184,  0.17522705,  0.        ],
       [ 0.        ,  0.        ,  0.        ,  1.        ]]), [657729.975472, 6860690.4049, 46.045327, 1])), ('img_023_005_00222.thm.tif', (array([[ 0.91911175, -0.39271637,  0.03174044,  0.        ],
       [ 0.05730109,  0.0535333 , -0.99692064,  0.        ],
       [ 0.38980788,  0.91810023,  0.07170616,  0.        ],
       [ 0.        ,  0.        ,  0.        ,  1.        ]]), [657730.112661, 6860690.409094, 46.109352, 1])), ('img_023_005_00223.thm.tif', (array([[ 0.91306303, -0.39190931, -0.11279624,  0.        ],
       [-0.10252629,  0.04711032, -0.9936141 ,  0.        ],
       [ 0.39472048,  0.91879688,  0.00283368,  0.        ],
       [ 0.        ,  0.        ,  0.        ,  1.        ]]), [657730.200064, 6860690.390174, 46.152461, 1])), ('img_023_005_00224.thm.tif', (array([[ 0.88375314, -0.39236928, -0.25500341,  0.        ],
       [-0.26049209,  0.04020548, -0.96463848,  0.        ],
       [ 0.38874703,  0.91892865, -0.06667738,  0.        ],
       [ 0.        ,  0.        ,  0.        ,  1.        ]]), [657730.285627, 6860690.358164, 46.194691, 1])), ('img_023_005_00225.thm.tif', (array([[ 0.81959914, -0.39509835, -0.4149151 ,  0.        ],
       [-0.43887825,  0.03257717, -0.8979558 ,  0.        ],
       [ 0.36829762,  0.91806101, -0.14669985,  0.        ],
       [ 0.        ,  0.        ,  0.        ,  1.        ]]), [657730.381447, 6860690.313181, 46.241587, 1])), ('img_023_005_00226.thm.tif', (array([[ 0.74513321, -0.39866182, -0.53464498,  0.        ],
       [-0.57294922,  0.02763612, -0.8191248 ,  0.        ],
       [ 0.3413293 ,  0.91668151, -0.20782039,  0.        ],
       [ 0.        ,  0.        ,  0.        ,  1.        ]]), [657730.460842, 6860690.274707, 46.281779, 1])), ('img_023_005_00227.thm.tif', (array([[ 0.66216371, -0.40331542, -0.63156622,  0.        ],
       [-0.68357844,  0.0202031 , -0.72959739,  0.        ],
       [ 0.30701748,  0.91483797, -0.26231997,  0.        ],
       [ 0.        ,  0.        ,  0.        ,  1.        ]]), [657730.531161, 6860690.225303, 46.31993, 1])), ('img_023_005_00228.thm.tif', (array([[ 0.54378056, -0.40729873, -0.73376457,  0.        ],
       [-0.7994867 ,  0.01445504, -0.60050984,  0.        ],
       [ 0.25519349,  0.9131806 , -0.31776955,  0.        ],
       [ 0.        ,  0.        ,  0.        ,  1.        ]]), [657730.603279, 6860690.154687, 46.357667, 1])), ('img_023_005_00229.thm.tif', (array([[ 0.40489865, -0.41799844, -0.81322468,  0.        ],
       [-0.893426  ,  0.00836986, -0.44913242,  0.        ],
       [ 0.19454323,  0.90840919, -0.37006173,  0.        ],
       [ 0.        ,  0.        ,  0.        ,  1.        ]]), [657730.670766, 6860690.064095, 46.393785, 1])), ('img_023_005_00230.thm.tif', (array([[ 0.27332487, -0.42176609, -0.86452697,  0.        ],
       [-0.95242082,  0.00734759, -0.30469756,  0.        ],
       [ 0.13486329,  0.9066749 , -0.39969053,  0.        ],
       [ 0.        ,  0.        ,  0.        ,  1.        ]]), [657730.676094, 6860689.967234, 46.401477, 1])), ('img_023_005_00231.thm.tif', (array([[ 0.11120446, -0.42686881, -0.89745005,  0.        ],
       [-0.99219973,  0.00349878, -0.12460922,  0.        ],
       [ 0.05633177,  0.9043068 , -0.42315003,  0.        ],
       [ 0.        ,  0.        ,  0.        ,  1.        ]]), [657730.68371, 6860689.851535, 46.411245, 1])), ('img_023_005_00232.thm.tif', (array([[-0.02283714, -0.4368956 , -0.89922227,  0.        ],
       [-0.99969252,  0.00128813,  0.02476289,  0.        ],
       [-0.00966048,  0.8995113 , -0.43679069,  0.        ],
       [ 0.        ,  0.        ,  0.        ,  1.        ]]), [657730.671781, 6860689.748875, 46.410884, 1])), ('img_023_005_00233.thm.tif', (array([[-0.07599251, -0.45176658, -0.88889375,  0.        ],
       [-0.99653988,  0.00431152,  0.08300404,  0.        ],
       [-0.03366597,  0.89212576, -0.45053106,  0.        ],
       [ 0.        ,  0.        ,  0.        ,  1.        ]]), [657730.623839, 6860689.708428, 46.389807, 1])), ('img_023_005_00234.thm.tif', (array([[-0.0859714 , -0.43604064, -0.89581107,  0.        ],
       [-0.99557848,  0.00344287,  0.09387029,  0.        ],
       [-0.0378471 ,  0.89992039, -0.43440867,  0.        ],
       [ 0.        ,  0.        ,  0.        ,  1.        ]]), [657730.488378, 6860689.729173, 46.323135, 1])), ('img_023_005_00235.thm.tif', (array([[-0.08204583, -0.43464969, -0.89685458,  0.        ],
       [-0.99596657,  0.00296453,  0.08967605,  0.        ],
       [-0.03631892,  0.90059473, -0.43313979,  0.        ],
       [ 0.        ,  0.        ,  0.        ,  1.        ]]), [657730.313871, 6860689.749955, 46.238716, 1])), ('img_023_005_00236.thm.tif', (array([[-0.10380516, -0.43697948, -0.89346148,  0.        ],
       [-0.9935716 ,  0.00476637,  0.1131051 ,  0.        ],
       [-0.04516604,  0.89945885, -0.43466517,  0.        ],
       [ 0.        ,  0.        ,  0.        ,  1.        ]]), [657730.120558, 6860689.759679, 46.145153, 1])), ('img_023_005_00237.thm.tif', (array([[-0.11298139, -0.43757478, -0.89205578,  0.        ],
       [-0.99236643,  0.00502341,  0.12322191,  0.        ],
       [-0.04943764,  0.89916799, -0.43480208,  0.        ],
       [ 0.        ,  0.        ,  0.        ,  1.        ]]), [657729.909825, 6860689.781136, 46.04417, 1])), ('img_023_005_00238.thm.tif', (array([[-0.12521756, -0.43627693, -0.89105724,  0.        ],
       [-0.99059084,  0.00498055,  0.13676615,  0.        ],
       [-0.05522996,  0.89979866, -0.43279558,  0.        ],
       [ 0.        ,  0.        ,  0.        ,  1.        ]]), [657729.69147, 6860689.805121, 45.937513, 1])), ('img_023_005_00239.thm.tif', (array([[-0.14603862, -0.43714323, -0.88745621,  0.        ],
       [-0.98725898,  0.00710334,  0.15896306,  0.        ],
       [-0.06318572,  0.89936385, -0.43261094,  0.        ],
       [ 0.        ,  0.        ,  0.        ,  1.        ]]), [657729.488606, 6860689.824277, 45.838674, 1])), ('img_023_005_00240.thm.tif', (array([[-0.13063235, -0.43794217, -0.88946155,  0.        ],
       [-0.98988804,  0.00758301,  0.14164803,  0.        ],
       [-0.05528885,  0.89897116, -0.4345043 ,  0.        ],
       [ 0.        ,  0.        ,  0.        ,  1.        ]]), [657729.279747, 6860689.873088, 45.73681, 1])), ('img_023_005_00241.thm.tif', (array([[-0.10413711, -0.43832625, -0.89276288,  0.        ],
       [-0.99370163,  0.00850571,  0.11173509,  0.        ],
       [-0.04138284,  0.8987757 , -0.43645127,  0.        ],
       [ 0.        ,  0.        ,  0.        ,  1.        ]]), [657729.075671, 6860689.92007, 45.636278, 1])), ('img_023_005_00242.thm.tif', (array([[-0.11813116, -0.43693796, -0.89170076,  0.        ],
       [-0.99183507,  0.00847185,  0.12724555,  0.        ],
       [-0.04804405,  0.89945175, -0.43437118,  0.        ],
       [ 0.        ,  0.        ,  0.        ,  1.        ]]), [657728.859807, 6860689.942589, 45.531781, 1])), ('img_023_005_00243.thm.tif', (array([[-0.15724082, -0.4368068 , -0.88570601,  0.        ],
       [-0.98525662,  0.00816359,  0.17088813,  0.        ],
       [-0.06741456,  0.8995183 , -0.43165044,  0.        ],
       [ 0.        ,  0.        ,  0.        ,  1.        ]]), [657728.630977, 6860689.950021, 45.422626, 1])), ('img_023_005_00244.thm.tif', (array([[-0.1710847 , -0.43911746, -0.88198973,  0.        ],
       [-0.98245122,  0.0085309 ,  0.18632451,  0.        ],
       [-0.07429418,  0.89838916, -0.43287099,  0.        ],
       [ 0.        ,  0.        ,  0.        ,  1.        ]]), [657728.425306, 6860689.983811, 45.322118, 1])), ('img_023_005_00245.thm.tif', (array([[-0.14809473, -0.44195336, -0.88472887,  0.        ],
       [-0.98691808,  0.00840124,  0.16100346,  0.        ],
       [-0.0637232 ,  0.89699869, -0.43741594,  0.        ],
       [ 0.        ,  0.        ,  0.        ,  1.        ]]), [657728.23683, 6860690.035853, 45.229573, 1])), ('img_023_005_00246.thm.tif', (array([[-0.12910372, -0.44260549, -0.887374  ,  0.        ],
       [-0.99012807,  0.00828588,  0.13992053,  0.        ],
       [-0.05457692,  0.89667816, -0.43930585,  0.        ],
       [ 0.        ,  0.        ,  0.        ,  1.        ]]), [657728.028398, 6860690.083303, 45.127022, 1])), ('img_023_005_00247.thm.tif', (array([[-0.1182846 , -0.43937174, -0.8904837 ,  0.        ],
       [-0.99179116,  0.00841107,  0.12759137,  0.        ],
       [-0.04857012,  0.89826596, -0.4367599 ,  0.        ],
       [ 0.        ,  0.        ,  0.        ,  1.        ]]), [657727.800524, 6860690.12925, 45.014074, 1])), ('img_023_005_00248.thm.tif', (array([[-0.12134346, -0.43549027, -0.89197757,  0.        ],
       [-0.99136126,  0.00809899,  0.13090932,  0.        ],
       [-0.04978562,  0.900157  , -0.43271095,  0.        ],
       [ 0.        ,  0.        ,  0.        ,  1.        ]]), [657727.568581, 6860690.158849, 44.900021, 1])), ('img_023_005_00249.thm.tif', (array([[-0.11993205, -0.43585404, -0.89199079,  0.        ],
       [-0.99160398,  0.0088321 ,  0.12900985,  0.        ],
       [-0.04835131,  0.89997403, -0.43325385,  0.        ],
       [ 0.        ,  0.        ,  0.        ,  1.        ]]), [657727.37357, 6860690.189861, 44.804423, 1])), ('img_023_005_00250.thm.tif', (array([[-0.10828142, -0.43480566, -0.89399059,  0.        ],
       [-0.99316381,  0.00787576,  0.11646293,  0.        ],
       [-0.04359789,  0.90048987, -0.43268604,  0.        ],
       [ 0.        ,  0.        ,  0.        ,  1.        ]]), [657727.168159, 6860690.225796, 44.703494, 1])), ('img_023_005_00251.thm.tif', (array([[-0.10909288, -0.43854455, -0.89206357,  0.        ],
       [-0.99303397,  0.00788548,  0.11756426,  0.        ],
       [-0.04452281,  0.89867485, -0.43634989,  0.        ],
       [ 0.        ,  0.        ,  0.        ,  1.        ]]), [657726.970155, 6860690.247452, 44.60842, 1])), ('img_023_005_00252.thm.tif', (array([[-0.11437916, -0.43696502, -0.89217654,  0.        ],
       [-0.99225389,  0.00643027,  0.12405993,  0.        ],
       [-0.04847291,  0.89945551, -0.43431573,  0.        ],
       [ 0.        ,  0.        ,  0.        ,  1.        ]]), [657726.754928, 6860690.275825, 44.503426, 1])), ('img_023_005_00253.thm.tif', (array([[-0.10064402, -0.43429974, -0.89512821,  0.        ],
       [-0.99397022,  0.00453609,  0.10955653,  0.        ],
       [-0.04351999,  0.90075699, -0.43213754,  0.        ],
       [ 0.        ,  0.        ,  0.        ,  1.        ]]), [657726.54392, 6860690.310397, 44.401265, 1])), ('img_023_005_00254.thm.tif', (array([[-0.09325083, -0.43463625, -0.89576538,  0.        ],
       [-0.99480304,  0.00373283,  0.10174962,  0.        ],
       [-0.04088033,  0.90059835, -0.43272555,  0.        ],
       [ 0.        ,  0.        ,  0.        ,  1.        ]]), [657726.334119, 6860690.337821, 44.299205, 1])), ('img_023_005_00255.thm.tif', (array([[-0.10019899, -0.43235173, -0.89612061,  0.        ],
       [-0.99413941,  0.00676782,  0.1078936 ,  0.        ],
       [-0.0405832 ,  0.90167964, -0.43049603,  0.        ],
       [ 0.        ,  0.        ,  0.        ,  1.        ]]), [657726.132487, 6860690.360568, 44.201203, 1])), ('img_023_005_00256.thm.tif', (array([[-0.07316933, -0.43585998, -0.8970353 ,  0.        ],
       [-0.99688618,  0.00545103,  0.07866536,  0.        ],
       [-0.02939731,  0.89999798, -0.43490164,  0.        ],
       [ 0.        ,  0.        ,  0.        ,  1.        ]]), [657725.932956, 6860690.397405, 44.104799, 1])), ('img_023_005_00257.thm.tif', (array([[-0.07902855, -0.4340893 , -0.89739677,  0.        ],
       [-0.99636782,  0.00575859,  0.08495881,  0.        ],
       [-0.03171197,  0.90085144, -0.4329677 ,  0.        ],
       [ 0.        ,  0.        ,  0.        ,  1.        ]]), [657725.710272, 6860690.415219, 43.99743, 1])), ('img_023_005_00258.thm.tif', (array([[-0.07765732, -0.43829827, -0.89546857,  0.        ],
       [-0.99657138,  0.00840985,  0.08230891,  0.        ],
       [-0.0285451 ,  0.89879024, -0.4374486 ,  0.        ],
       [ 0.        ,  0.        ,  0.        ,  1.        ]]), [657725.502933, 6860690.437358, 43.898032, 1])), ('img_023_005_00259.thm.tif', (array([[-0.08130344, -0.43598799, -0.89627241,  0.        ],
       [-0.99613822,  0.00564344,  0.08761733,  0.        ],
       [-0.03314204,  0.89993479, -0.43476313,  0.        ],
       [ 0.        ,  0.        ,  0.        ,  1.        ]]), [657725.292698, 6860690.452521, 43.795878, 1])), ('img_023_005_00260.thm.tif', (array([[-0.07097205, -0.43141046, -0.89935976,  0.        ],
       [-0.99711567,  0.00637399,  0.07562883,  0.        ],
       [-0.02689456,  0.90213324, -0.43061851,  0.        ],
       [ 0.        ,  0.        ,  0.        ,  1.        ]]), [657725.076981, 6860690.482505, 43.689924, 1])), ('img_023_005_00261.thm.tif', (array([[-0.04805984, -0.43284253, -0.90018754,  0.        ],
       [-0.99868481,  0.00471044,  0.05105353,  0.        ],
       [-0.01785785,  0.90145724, -0.43249964,  0.        ],
       [ 0.        ,  0.        ,  0.        ,  1.        ]]), [657724.876945, 6860690.510089, 43.592697, 1])), ('img_023_005_00262.thm.tif', (array([[-0.03014166, -0.43184292, -0.90144505,  0.        ],
       [-0.99951389,  0.00583371,  0.03062612,  0.        ],
       [-0.0079669 ,  0.90192996, -0.43180883,  0.        ],
       [ 0.        ,  0.        ,  0.        ,  1.        ]]), [657724.66063, 6860690.532228, 43.488146, 1])), ('img_023_005_00263.thm.tif', (array([[ -1.90020966e-02,  -4.29794051e-01,  -9.02726976e-01,
          0.00000000e+00],
       [ -9.99819437e-01,   8.27673533e-03,   1.71052536e-02,
          0.00000000e+00],
       [  1.19896011e-04,   9.02889013e-01,  -4.29873721e-01,
          0.00000000e+00],
       [  0.00000000e+00,   0.00000000e+00,   0.00000000e+00,
          1.00000000e+00]]), [657724.460375, 6860690.551027, 43.390401, 1])), ('img_023_005_00264.thm.tif', (array([[-0.01026313, -0.43076308, -0.90240669,  0.        ],
       [-0.99994021,  0.00782826,  0.00763557,  0.        ],
       [ 0.00377515,  0.9024311 , -0.43081766,  0.        ],
       [ 0.        ,  0.        ,  0.        ,  1.        ]]), [657724.27033, 6860690.556711, 43.298956, 1])), ('img_023_005_00265.thm.tif', (array([[ -1.77123164e-02,  -4.33785622e-01,  -9.00842000e-01,
          0.00000000e+00],
       [ -9.99843115e-01,   7.80815509e-03,   1.58989836e-02,
          0.00000000e+00],
       [  1.37163562e-04,   9.00982279e-01,  -4.33855868e-01,
          0.00000000e+00],
       [  0.00000000e+00,   0.00000000e+00,   0.00000000e+00,
          1.00000000e+00]]), [657724.066359, 6860690.552822, 43.202585, 1])), ('img_023_005_00266.thm.tif', (array([[-0.03706493, -0.43496299, -0.89968516,  0.        ],
       [-0.99926007,  0.0068781 ,  0.03784188,  0.        ],
       [-0.01027169,  0.90042206, -0.43489608,  0.        ],
       [ 0.        ,  0.        ,  0.        ,  1.        ]]), [657723.839108, 6860690.546217, 43.094331, 1])), ('img_023_005_00267.thm.tif', (array([[-0.04522406, -0.4339916 , -0.89978113,  0.        ],
       [-0.99886823,  0.00636178,  0.04713582,  0.        ],
       [-0.01473234,  0.90089445, -0.43378813,  0.        ],
       [ 0.        ,  0.        ,  0.        ,  1.        ]]), [657723.614772, 6860690.55188, 42.986668, 1])), ('img_023_005_00268.thm.tif', (array([[-0.0335085 , -0.43199232, -0.90125458,  0.        ],
       [-0.99940606,  0.0072248 ,  0.03369474,  0.        ],
       [-0.00804449,  0.90184834, -0.43197784,  0.        ],
       [ 0.        ,  0.        ,  0.        ,  1.        ]]), [657723.416512, 6860690.570438, 42.890157, 1])), ('img_023_005_00269.thm.tif', (array([[-0.04754885, -0.43287975, -0.90019677,  0.        ],
       [-0.99874742,  0.00654825,  0.04960548,  0.        ],
       [-0.01557849,  0.90142789, -0.4326489 ,  0.        ],
       [ 0.        ,  0.        ,  0.        ,  1.        ]]), [657723.20036, 6860690.567257, 42.78696, 1])), ('img_023_005_00270.thm.tif', (array([[-0.0484818 , -0.43073421, -0.90117565,  0.        ],
       [-0.99867643,  0.00539204,  0.05114996,  0.        ],
       [-0.01717286,  0.90246272, -0.43042552,  0.        ],
       [ 0.        ,  0.        ,  0.        ,  1.        ]]), [657722.977116, 6860690.58036, 42.680383, 1])), ('img_023_005_00271.thm.tif', (array([[-0.06980896, -0.43621169, -0.89713214,  0.        ],
       [-0.99724075,  0.00775213,  0.07382945,  0.        ],
       [-0.02525059,  0.89981068, -0.43554924,  0.        ],
       [ 0.        ,  0.        ,  0.        ,  1.        ]]), [657722.765298, 6860690.579689, 42.579102, 1])), ('img_023_005_00272.thm.tif', (array([[-0.07636277, -0.43752206, -0.89595936,  0.        ],
       [-0.99659122,  0.00535616,  0.08232407,  0.        ],
       [-0.0312197 ,  0.89919173, -0.43643965,  0.        ],
       [ 0.        ,  0.        ,  0.        ,  1.        ]]), [657722.538029, 6860690.593255, 42.470167, 1])), ('img_023_005_00273.thm.tif', (array([[-0.10095471, -0.4391797 , -0.89270899,  0.        ],
       [-0.99395725,  0.00565611,  0.10962209,  0.        ],
       [-0.04309454,  0.89838143, -0.43709686,  0.        ],
       [ 0.        ,  0.        ,  0.        ,  1.        ]]), [657722.324515, 6860690.596399, 42.3676, 1])), ('img_023_005_00274.thm.tif', (array([[-0.10763844, -0.43608004, -0.89344735,  0.        ],
       [-0.99317922,  0.00664975,  0.11640802,  0.        ],
       [-0.04482201,  0.89988332, -0.4338214 ,  0.        ],
       [ 0.        ,  0.        ,  0.        ,  1.        ]]), [657722.101937, 6860690.622463, 42.258921, 1])), ('img_023_005_00275.thm.tif', (array([[-0.0940226 , -0.43561436, -0.89520941,  0.        ],
       [-0.99479169,  0.00555768,  0.10177719,  0.        ],
       [-0.03936032,  0.90011624, -0.43386809,  0.        ],
       [ 0.        ,  0.        ,  0.        ,  1.        ]]), [657721.86031, 6860690.661167, 42.141721, 1])), ('img_023_005_00276.thm.tif', (array([[-0.09135115, -0.4365766 , -0.89501723,  0.        ],
       [-0.99511366,  0.00620515,  0.09854084,  0.        ],
       [-0.03746691,  0.89964569, -0.43501018,  0.        ],
       [ 0.        ,  0.        ,  0.        ,  1.        ]]), [657721.61466, 6860690.691304, 42.022181, 1])), ('img_023_005_00277.thm.tif', (array([[-0.09330439, -0.43943182, -0.89341702,  0.        ],
       [-0.99502248,  0.00961658,  0.09918563,  0.        ],
       [-0.03499371,  0.89822447, -0.43814181,  0.        ],
       [ 0.        ,  0.        ,  0.        ,  1.        ]]), [657721.37946, 6860690.723993, 41.907042, 1])), ('img_023_005_00278.thm.tif', (array([[-0.08321957, -0.43481493, -0.89666631,  0.        ],
       [-0.99612728,  0.01067913,  0.08727197,  0.        ],
       [-0.02837154,  0.90045651, -0.43401973,  0.        ],
       [ 0.        ,  0.        ,  0.        ,  1.        ]]), [657721.149071, 6860690.75551, 41.793775, 1])), ('img_023_005_00279.thm.tif', (array([[-0.08795024, -0.43598009, -0.89564843,  0.        ],
       [-0.99558974,  0.00900486,  0.09338086,  0.        ],
       [-0.03264701,  0.89991126, -0.43484928,  0.        ],
       [ 0.        ,  0.        ,  0.        ,  1.        ]]), [657720.898638, 6860690.778146, 41.671825, 1])), ('img_023_005_00280.thm.tif', (array([[-0.07616069, -0.439924  , -0.89479966,  0.        ],
       [-0.99676506,  0.01048772,  0.07968321,  0.        ],
       [-0.02567015,  0.89797377, -0.43929962,  0.        ],
       [ 0.        ,  0.        ,  0.        ,  1.        ]]), [657720.658433, 6860690.810607, 41.555676, 1])), ('img_023_005_00281.thm.tif', (array([[-0.08445053, -0.43851981, -0.89474493,  0.        ],
       [-0.99592749,  0.00869909,  0.08973717,  0.        ],
       [-0.03156807,  0.89867942, -0.43746858,  0.        ],
       [ 0.        ,  0.        ,  0.        ,  1.        ]]), [657720.421388, 6860690.824304, 41.440612, 1])), ('img_023_005_00282.thm.tif', (array([[-0.09797776, -0.4402879 , -0.89249478,  0.        ],
       [-0.99441759,  0.00801862,  0.10521105,  0.        ],
       [-0.03916657,  0.89782084, -0.43861567,  0.        ],
       [ 0.        ,  0.        ,  0.        ,  1.        ]]), [657720.182293, 6860690.840981, 41.324174, 1])), ('img_023_005_00283.thm.tif', (array([[-0.09608437, -0.43794216, -0.89385371,  0.        ],
       [-0.99463395,  0.00764039,  0.1031743 ,  0.        ],
       [-0.03835499,  0.89897068, -0.43632626,  0.        ],
       [ 0.        ,  0.        ,  0.        ,  1.        ]]), [657719.951027, 6860690.870972, 41.20972, 1])), ('img_023_005_00284.thm.tif', (array([[-0.08041631, -0.43180557, -0.89837474,  0.        ],
       [-0.99623823,  0.00562194,  0.08647418,  0.        ],
       [-0.03228943,  0.90194919, -0.43063332,  0.        ],
       [ 0.        ,  0.        ,  0.        ,  1.        ]]), [657719.725131, 6860690.903614, 41.099121, 1])), ('img_023_005_00285.thm.tif', (array([[-0.07198321, -0.43323282, -0.89840288,  0.        ],
       [-0.99696969,  0.00461796,  0.07765383,  0.        ],
       [-0.0294934 ,  0.90127021, -0.43225241,  0.        ],
       [ 0.        ,  0.        ,  0.        ,  1.        ]]), [657719.4993, 6860690.927243, 40.991596, 1])), ('img_023_005_00286.thm.tif', (array([[ -6.42563651e-02,  -4.28723759e-01,  -9.01147634e-01,
          0.00000000e+00],
       [ -9.97486461e-01,   5.69151559e-04,   7.08550331e-02,
          0.00000000e+00],
       [ -2.98643466e-02,   9.03435451e-01,  -4.27682717e-01,
          0.00000000e+00],
       [  0.00000000e+00,   0.00000000e+00,   0.00000000e+00,
          1.00000000e+00]]), [657719.267228, 6860690.946619, 40.87928, 1])), ('img_023_005_00287.thm.tif', (array([[-0.07270739, -0.43488139, -0.89754767,  0.        ],
       [-0.99685935,  0.00336726,  0.07912079,  0.        ],
       [-0.03138588,  0.90048145, -0.4337604 ,  0.        ],
       [ 0.        ,  0.        ,  0.        ,  1.        ]]), [657719.039503, 6860690.967113, 40.770926, 1])), ('img_023_005_00288.thm.tif', (array([[-0.06900431, -0.43931108, -0.89568085,  0.        ],
       [-0.997128  ,  0.00228261,  0.07570035,  0.        ],
       [-0.03121151,  0.8983321 , -0.43820689,  0.        ],
       [ 0.        ,  0.        ,  0.        ,  1.        ]]), [657718.81519, 6860690.988377, 40.662695, 1])), ('img_023_005_00289.thm.tif', (array([[-0.04329417, -0.43386876, -0.89993528,  0.        ],
       [-0.9989139 ,  0.00327001,  0.04647933,  0.        ],
       [-0.01722313,  0.90097015, -0.4335391 ,  0.        ],
       [ 0.        ,  0.        ,  0.        ,  1.        ]]), [657718.600159, 6860691.02409, 40.55758, 1])), ('img_023_005_00290.thm.tif', (array([[-0.03595925, -0.43561942, -0.89941239,  0.        ],
       [-0.9992946 ,  0.00592237,  0.0370842 ,  0.        ],
       [-0.01082795,  0.90011146, -0.4355251 ,  0.        ],
       [ 0.        ,  0.        ,  0.        ,  1.        ]]), [657718.371742, 6860691.041805, 40.447386, 1])), ('img_023_005_00291.thm.tif', (array([[-0.05158702, -0.43305689, -0.89988916,  0.        ],
       [-0.99848796,  0.00523244,  0.05472126,  0.        ],
       [-0.0189888 ,  0.9013514 , -0.43267202,  0.        ],
       [ 0.        ,  0.        ,  0.        ,  1.        ]]), [657718.106036, 6860691.042844, 40.320058, 1])), ('img_023_005_00292.thm.tif', (array([[-0.04986735, -0.43542763, -0.89884149,  0.        ],
       [-0.99859827,  0.00575133,  0.05261569,  0.        ],
       [-0.01774079,  0.90020537, -0.43510408,  0.        ],
       [ 0.        ,  0.        ,  0.        ,  1.        ]]), [657717.841895, 6860691.063288, 40.194053, 1])), ('img_023_005_00293.thm.tif', (array([[-0.05724242, -0.43206611, -0.90002344,  0.        ],
       [-0.99811705,  0.00486728,  0.06114469,  0.        ],
       [-0.02203789,  0.9018288 , -0.43153116,  0.        ],
       [ 0.        ,  0.        ,  0.        ,  1.        ]]), [657717.610813, 6860691.070914, 40.082835, 1])), ('img_023_005_00294.thm.tif', (array([[-0.05816921, -0.43233318, -0.89983574,  0.        ],
       [-0.99808455,  0.00616951,  0.06155624,  0.        ],
       [-0.02106126,  0.90169283, -0.43186394,  0.        ],
       [ 0.        ,  0.        ,  0.        ,  1.        ]]), [657717.368273, 6860691.088111, 39.965401, 1])), ('img_023_005_00295.thm.tif', (array([[-0.05768778, -0.43298611, -0.89955275,  0.        ],
       [-0.99809893,  0.00543321,  0.06139229,  0.        ],
       [-0.02169455,  0.90138422, -0.43247641,  0.        ],
       [ 0.        ,  0.        ,  0.        ,  1.        ]]), [657717.101285, 6860691.105868, 39.838306, 1])), ('img_023_005_00296.thm.tif', (array([[-0.05564769, -0.43683984, -0.8978164 ,  0.        ],
       [-0.99820014,  0.00420642,  0.05982292,  0.        ],
       [-0.02235644,  0.89952947, -0.43628767,  0.        ],
       [ 0.        ,  0.        ,  0.        ,  1.        ]]), [657716.847505, 6860691.125466, 39.716893, 1])), ('img_023_005_00297.thm.tif', (array([[-0.07269049, -0.43591553, -0.89704724,  0.        ],
       [-0.996928  ,  0.00545515,  0.07813323,  0.        ],
       [-0.02916596,  0.89997105, -0.43497293,  0.        ],
       [ 0.        ,  0.        ,  0.        ,  1.        ]]), [657716.600482, 6860691.132498, 39.598614, 1])), ('img_023_005_00298.thm.tif', (array([[-0.09773041, -0.43874462, -0.89328155,  0.        ],
       [-0.99439648,  0.00669971,  0.10550236,  0.        ],
       [-0.04030386,  0.89858682, -0.43694088,  0.        ],
       [ 0.        ,  0.        ,  0.        ,  1.        ]]), [657716.34111, 6860691.143562, 39.475044, 1])), ('img_023_005_00299.thm.tif', (array([[-0.10508605, -0.43720284, -0.89320244,  0.        ],
       [-0.99351341,  0.00691138,  0.11350476,  0.        ],
       [-0.04345134,  0.89933637, -0.43509318,  0.        ],
       [ 0.        ,  0.        ,  0.        ,  1.        ]]), [657716.096926, 6860691.167286, 39.357336, 1])), ('img_023_005_00300.thm.tif', (array([[-0.09052349, -0.43374907, -0.8964749 ,  0.        ],
       [-0.99515932,  0.00481957,  0.09815647,  0.        ],
       [-0.03825465,  0.90102082, -0.43208571,  0.        ],
       [ 0.        ,  0.        ,  0.        ,  1.        ]]), [657715.85016, 6860691.206828, 39.23702, 1])), ('img_023_005_00301.thm.tif', (array([[-0.09552871, -0.43943812, -0.89317882,  0.        ],
       [-0.99467149,  0.007195  ,  0.10284383,  0.        ],
       [-0.03876708,  0.89824405, -0.4377839 ,  0.        ],
       [ 0.        ,  0.        ,  0.        ,  1.        ]]), [657715.592248, 6860691.233513, 39.112492, 1])), ('img_023_005_00302.thm.tif', (array([[-0.09774581, -0.43950561, -0.89290569,  0.        ],
       [-0.99436033,  0.00603258,  0.10588264,  0.        ],
       [-0.04114949,  0.89821959, -0.4376166 ,  0.        ],
       [ 0.        ,  0.        ,  0.        ,  1.        ]]), [657715.346788, 6860691.260971, 38.994586, 1])), ('img_023_005_00303.thm.tif', (array([[-0.10532028, -0.43623215, -0.89364934,  0.        ],
       [-0.99336699,  0.00444823,  0.11490103,  0.        ],
       [-0.04614837,  0.89982316, -0.4338071 ,  0.        ],
       [ 0.        ,  0.        ,  0.        ,  1.        ]]), [657715.101155, 6860691.286451, 38.874997, 1])), ('img_023_005_00304.thm.tif', (array([[-0.11855315, -0.4349301 , -0.89262588,  0.        ],
       [-0.99147784,  0.00295564,  0.13024194,  0.        ],
       [-0.05400786,  0.90045937, -0.43157396,  0.        ],
       [ 0.        ,  0.        ,  0.        ,  1.        ]]), [657714.865605, 6860691.306633, 38.760192, 1])), ('img_023_005_00305.thm.tif', (array([[-0.14031302, -0.4377869 , -0.88806243,  0.        ],
       [-0.98808211,  0.00457711,  0.15385966,  0.        ],
       [-0.06329298,  0.89906712, -0.43321163,  0.        ],
       [ 0.        ,  0.        ,  0.        ,  1.        ]]), [657714.643937, 6860691.329902, 38.653624, 1])), ('img_023_005_00306.thm.tif', (array([[-0.10973574, -0.43715388, -0.8926671 ,  0.        ],
       [-0.99273822,  0.00367329,  0.12023864,  0.        ],
       [-0.04928376,  0.89937923, -0.43438245,  0.        ],
       [ 0.        ,  0.        ,  0.        ,  1.        ]]), [657714.45167, 6860691.38191, 38.560792, 1])), ('img_023_005_00307.thm.tif', (array([[-0.04817572, -0.43252528, -0.90033382,  0.        ],
       [-0.99866571,  0.00407417,  0.05148008,  0.        ],
       [-0.01859832,  0.9016126 , -0.43214444,  0.        ],
       [ 0.        ,  0.        ,  0.        ,  1.        ]]), [657714.319736, 6860691.445617, 38.494736, 1])), ('img_023_005_00308.thm.tif', (array([[ 0.08261471, -0.42850502, -0.89975455,  0.        ],
       [-0.99572036,  0.00203402, -0.0923949 ,  0.        ],
       [ 0.0414218 ,  0.90353711, -0.42650314,  0.        ],
       [ 0.        ,  0.        ,  0.        ,  1.        ]]), [657714.249849, 6860691.530371, 38.45867, 1])), ('img_023_005_00309.thm.tif', (array([[ 0.22435873, -0.42098314, -0.87888359,  0.        ],
       [-0.96866513,  0.00225942, -0.24836015,  0.        ],
       [ 0.1065412 ,  0.90706565, -0.40728476,  0.        ],
       [ 0.        ,  0.        ,  0.        ,  1.        ]]), [657714.176323, 6860691.619244, 38.419792, 1])), ('img_023_005_00310.thm.tif', (array([[ 0.37877829, -0.41253554, -0.82845726,  0.        ],
       [-0.90810918,  0.00698715, -0.41867517,  0.        ],
       [ 0.17850695,  0.91091471, -0.37198073,  0.        ],
       [ 0.        ,  0.        ,  0.        ,  1.        ]]), [657714.090678, 6860691.713932, 38.374116, 1])), ('img_023_005_00311.thm.tif', (array([[ 0.53330578, -0.40643907, -0.74188424,  0.        ],
       [-0.80977342,  0.00835112, -0.58668327,  0.        ],
       [ 0.24464657,  0.91363972, -0.32466986,  0.        ],
       [ 0.        ,  0.        ,  0.        ,  1.        ]]), [657713.995994, 6860691.789527, 38.327337, 1])), ('img_023_005_00312.thm.tif', (array([[ 0.66374229, -0.40145548, -0.63109403,  0.        ],
       [-0.68480161,  0.01317676, -0.7286104 ,  0.        ],
       [ 0.30082042,  0.91578374, -0.26617139,  0.        ],
       [ 0.        ,  0.        ,  0.        ,  1.        ]]), [657713.889293, 6860691.846994, 38.274271, 1])), ('img_023_005_00313.thm.tif', (array([[ 0.75906555, -0.39770389, -0.51541353,  0.        ],
       [-0.55504885,  0.01837314, -0.83161482,  0.        ],
       [ 0.34020621,  0.91732985, -0.20679867,  0.        ],
       [ 0.        ,  0.        ,  0.        ,  1.        ]]), [657713.789692, 6860691.874622, 38.225318, 1])), ('img_023_005_00314.thm.tif', (array([[ 0.83550879, -0.39459646, -0.38238552,  0.        ],
       [-0.40670437,  0.02384205, -0.91324866,  0.        ],
       [ 0.36948155,  0.91854515, -0.14056386,  0.        ],
       [ 0.        ,  0.        ,  0.        ,  1.        ]]), [657713.682324, 6860691.880455, 38.175249, 1])), ('img_023_005_00315.thm.tif', (array([[ 0.89713645, -0.39016231, -0.20717039,  0.        ],
       [-0.21062992,  0.03442996, -0.97695937,  0.        ],
       [ 0.38830559,  0.92010214, -0.05129149,  0.        ],
       [ 0.        ,  0.        ,  0.        ,  1.        ]]), [657713.545966, 6860691.850653, 38.110637, 1])), ('img_023_005_00316.thm.tif', (array([[ 0.92037875, -0.39043076, -0.02160497,  0.        ],
       [-0.00400139,  0.04584497, -0.99894055,  0.        ],
       [ 0.39100759,  0.91949011,  0.04063247,  0.        ],
       [ 0.        ,  0.        ,  0.        ,  1.        ]]), [657713.419339, 6860691.79924, 38.051592, 1])), ('img_023_005_00317.thm.tif', (array([[ 0.90585246, -0.39198387,  0.16056143,  0.        ],
       [ 0.19663181,  0.05338507, -0.97902296,  0.        ],
       [ 0.37518962,  0.91842184,  0.1254355 ,  0.        ],
       [ 0.        ,  0.        ,  0.        ,  1.        ]]), [657713.314164, 6860691.745409, 38.005857, 1])), ('img_023_005_00318.thm.tif', (array([[ 0.85220485, -0.39241698,  0.34605753,  0.        ],
       [ 0.39881404,  0.05908208, -0.91512659,  0.        ],
       [ 0.33866541,  0.91788791,  0.20685143,  0.        ],
       [ 0.        ,  0.        ,  0.        ,  1.        ]]), [657713.213748, 6860691.673342, 37.963662, 1])), ('img_023_005_00319.thm.tif', (array([[ 0.77676894, -0.3954222 ,  0.49017476,  0.        ],
       [ 0.55670512,  0.0672006 , -0.82798761,  0.        ],
       [ 0.29446464,  0.91603786,  0.2723329 ,  0.        ],
       [ 0.        ,  0.        ,  0.        ,  1.        ]]), [657713.147813, 6860691.578712, 37.934221, 1])), ('img_023_005_00320.thm.tif', (array([[ 0.67056398, -0.39763049,  0.62628583,  0.        ],
       [ 0.70386656,  0.07433909, -0.70643157,  0.        ],
       [ 0.23434121,  0.91452922,  0.32972792,  0.        ],
       [ 0.        ,  0.        ,  0.        ,  1.        ]]), [657713.100054, 6860691.467551, 37.916027, 1])), ('img_023_005_00321.thm.tif', (array([[ 0.52628833, -0.40580947,  0.74722103,  0.        ],
       [ 0.83513655,  0.08144013, -0.54398019,  0.        ],
       [ 0.15989853,  0.91032202,  0.38176731,  0.        ],
       [ 0.        ,  0.        ,  0.        ,  1.        ]]), [657713.082589, 6860691.312146, 37.915561, 1])), ('img_023_005_00322.thm.tif', (array([[ 0.39776899, -0.40964137,  0.82095906,  0.        ],
       [ 0.91241159,  0.08263978, -0.40084381,  0.        ],
       [ 0.09635833,  0.9084958 ,  0.40663307,  0.        ],
       [ 0.        ,  0.        ,  0.        ,  1.        ]]), [657713.100691, 6860691.190894, 37.929493, 1])), ('img_023_005_00323.thm.tif', (array([[ 0.26343472, -0.41566622,  0.87053073,  0.        ],
       [ 0.96430013,  0.08823642, -0.24967899,  0.        ],
       [ 0.02697061,  0.90522701,  0.42407152,  0.        ],
       [ 0.        ,  0.        ,  0.        ,  1.        ]]), [657713.162494, 6860691.061184, 37.966202, 1])), ('img_023_005_00324.thm.tif', (array([[ 0.14737463, -0.42097529,  0.89501985,  0.        ],
       [ 0.98861729,  0.09039495, -0.12026891,  0.        ],
       [-0.03027504,  0.90255668,  0.42950537,  0.        ],
       [ 0.        ,  0.        ,  0.        ,  1.        ]]), [657713.265692, 6860690.956319, 38.020123, 1])), ('img_023_005_00325.thm.tif', (array([[ 0.08812143, -0.42459857,  0.90108305,  0.        ],
       [ 0.99431533,  0.09176779, -0.05399725,  0.        ],
       [-0.05976325,  0.90071901,  0.43027157,  0.        ],
       [ 0.        ,  0.        ,  0.        ,  1.        ]]), [657713.40173, 6860690.898147, 38.088021, 1])), ('img_023_005_00326.thm.tif', (array([[ 0.0613129 , -0.42620578,  0.90254604,  0.        ],
       [ 0.99540628,  0.09272716, -0.02383302,  0.        ],
       [-0.07353276,  0.89986127,  0.42993328,  0.        ],
       [ 0.        ,  0.        ,  0.        ,  1.        ]]), [657713.471476, 6860690.873513, 38.1226, 1]))]