img_023_005_00146.thm.tif -174.061656 -64.297721 -79.106985 657713.244915 6860690.732294 38.023818
img_023_005_00147.thm.tif -174.983024 -64.387816 -79.920714 657713.270825 6860690.727321 38.036934
img_023_005_00148.thm.tif -177.427245 -64.427460 -82.160763 657713.399257 6860690.710358 38.098645
img_023_005_00149.thm.tif -178.177147 -64.433645 -82.752719 657713.580625 6860690.705757 38.184665
img_023_005_00150.thm.tif -175.175392 -64.281032 -80.203379 657713.793841 6860690.710157 38.285456
img_023_005_00151.thm.tif -173.446774 -64.193186 -78.470308 657714.016372 6860690.711766 38.391434
img_023_005_00152.thm.tif -173.737111 -64.178872 -78.773826 657714.250593 6860690.697815 38.503547
img_023_005_00153.thm.tif -174.332828 -64.081631 -79.396745 657714.470638 6860690.685614 38.609041
img_023_005_00154.thm.tif -173.501057 -63.886330 -78.544614 657714.704545 6860690.680283 38.719876
img_023_005_00155.thm.tif -173.704397 -63.935761 -78.884864 657714.911902 6860690.666789 38.820354
img_023_005_00156.thm.tif -172.198434 -64.015207 -77.520337 657715.131773 6860690.657853 38.927082
img_023_005_00157.thm.tif -173.173450 -64.198887 -78.273512 657715.352686 6860690.644646 39.034461
img_023_005_00158.thm.tif -175.941750 -64.119299 -80.815888 657715.589420 6860690.620606 39.147380
img_023_005_00159.thm.tif -175.395865 -64.256802 -80.371420 657715.828697 6860690.613322 39.262458
img_023_005_00160.thm.tif -173.206702 -64.077849 -78.370817 657716.089829 6860690.613083 39.386586
img_023_005_00161.thm.tif -172.751953 -64.052163 -77.975448 657716.311051 6860690.604228 39.492478
img_023_005_00162.thm.tif -174.329549 -63.961453 -79.571984 657716.549437 6860690.578784 39.606963
img_023_005_00163.thm.tif -173.687176 -64.195419 -78.944829 657716.751760 6860690.575571 39.703430
img_023_005_00164.thm.tif -171.865922 -63.835464 -77.242274 657716.970852 6860690.572456 39.806879
img_023_005_00165.thm.tif -170.241767 -63.598542 -75.967894 657717.183086 6860690.563850 39.907178
img_023_005_00166.thm.tif -169.430966 -63.774262 -75.093224 657717.389630 6860690.554287 40.007643
img_023_005_00167.thm.tif -168.631427 -63.675074 -74.484875 657717.636101 6860690.532370 40.125679
img_023_005_00168.thm.tif -169.359643 -63.509381 -75.182515 657717.874553 6860690.509118 40.239829
img_023_005_00169.thm.tif -168.278670 -63.612726 -74.233868 657718.125560 6860690.491215 40.360281
img_023_005_00170.thm.tif -168.078133 -63.591681 -74.051705 657718.366808 6860690.469705 40.475882
img_023_005_00171.thm.tif -168.269166 -63.458656 -74.432566 657718.591205 6860690.444649 40.583452
img_023_005_00172.thm.tif -170.035561 -63.789756 -76.058527 657718.820359 6860690.413378 40.695153
img_023_005_00173.thm.tif -171.037313 -63.708431 -76.771279 657719.040734 6860690.396733 40.800853
img_023_005_00174.thm.tif -169.860828 -63.759340 -75.843744 657719.265700 6860690.383027 40.908056
img_023_005_00175.thm.tif -171.224857 -63.373239 -76.942770 657719.496447 6860690.361967 41.019587
img_023_005_00176.thm.tif -171.149843 -63.259699 -76.785970 657719.712475 6860690.350572 41.124257
img_023_005_00177.thm.tif -171.091754 -63.305138 -76.813217 657719.954124 6860690.331321 41.241753
img_023_005_00178.thm.tif -170.505678 -63.615643 -76.223014 657720.176560 6860690.317477 41.351273
img_023_005_00179.thm.tif -172.757040 -63.752899 -78.120711 657720.394905 6860690.294613 41.458284
img_023_005_00180.thm.tif -172.294089 -63.744002 -77.769873 657720.652059 6860690.280061 41.582544
img_023_005_00181.thm.tif -172.493411 -63.712579 -77.993687 657720.897902 6860690.264313 41.701118
img_023_005_00182.thm.tif -176.217552 -64.097436 -81.225873 657721.126825 6860690.239160 41.813072
img_023_005_00183.thm.tif -176.515103 -63.930991 -81.528170 657721.392575 6860690.233710 41.940242
img_023_005_00184.thm.tif -177.455755 -64.272922 -82.487905 657721.637386 6860690.220508 42.057818
img_023_005_00185.thm.tif -178.952686 -63.943322 -83.911354 657721.881314 6860690.208433 42.175293
img_023_005_00186.thm.tif -177.454184 -64.188661 -82.529186 657722.149368 6860690.212143 42.303290
img_023_005_00187.thm.tif -175.506982 -63.979926 -80.714822 657722.667048 6860690.206545 42.550718
img_023_005_00188.thm.tif -173.970002 -63.894497 -79.287360 657722.923581 6860690.205546 42.673250
img_023_005_00189.thm.tif -173.079497 -63.905521 -78.404582 657723.188661 6860690.200220 42.801104
img_023_005_00190.thm.tif -172.404508 -63.810882 -77.705494 657723.439474 6860690.188782 42.922280
img_023_005_00191.thm.tif -172.258411 -64.036043 -77.679796 657723.682263 6860690.172115 43.039232
img_023_005_00192.thm.tif -173.377644 -63.874068 -78.778072 657723.903328 6860690.154233 43.145640
img_023_005_00193.thm.tif -175.405111 -64.017976 -80.419278 657724.152011 6860690.136305 43.265700
img_023_005_00194.thm.tif -175.474652 -64.037876 -80.612379 657724.413950 6860690.126137 43.390640
img_023_005_00195.thm.tif -174.812631 -63.707009 -80.129081 657724.672440 6860690.118019 43.514425
img_023_005_00196.thm.tif -174.714677 -63.772247 -79.983927 657724.933064 6860690.105359 43.640489
img_023_005_00197.thm.tif -174.346535 -64.101639 -79.627156 657725.193135 6860690.096356 43.766753
img_023_005_00198.thm.tif -175.169618 -64.126110 -80.443001 657725.405927 6860690.085169 43.869680
img_023_005_00199.thm.tif -174.336787 -64.231112 -79.800224 657725.642985 6860690.075038 43.981464
img_023_005_00200.thm.tif -171.302075 -63.779500 -76.933256 657725.892181 6860690.081270 44.101295
img_023_005_00201.thm.tif -171.986929 -63.742743 -77.488760 657726.146377 6860690.062349 44.222718
img_023_005_00202.thm.tif -173.727432 -63.937768 -79.141644 657726.401331 6860690.037279 44.346614
img_023_005_00203.thm.tif -174.608291 -63.978699 -79.875943 657726.641450 6860690.023377 44.462593
img_023_005_00204.thm.tif -175.352504 -64.016154 -80.502237 657726.877403 6860690.012678 44.576302
img_023_005_00205.thm.tif -176.021565 -63.743612 -81.023026 657727.139300 6860690.002503 44.701877
img_023_005_00206.thm.tif -176.494520 -63.995085 -81.607939 657727.368933 6860689.993724 44.813115
img_023_005_00207.thm.tif -176.640760 -63.899043 -81.708992 657727.624414 6860689.986895 44.936952
img_023_005_00208.thm.tif -175.554909 -63.878668 -80.628541 657727.859199 6860689.985829 45.050531
img_023_005_00209.thm.tif -176.666978 -63.949519 -81.725782 657728.103838 6860689.970070 45.168487
img_023_005_00210.thm.tif -176.428441 -63.997951 -81.567330 657728.383322 6860689.961706 45.302555
img_023_005_00211.thm.tif -174.537056 -63.801596 -79.857606 657728.641608 6860689.963476 45.425827
img_023_005_00212.thm.tif -171.061053 -63.719200 -76.701342 657728.904355 6860689.964658 45.551971
img_023_005_00213.thm.tif -163.457874 -62.808343 -69.990064 657729.153945 6860689.976250 45.670423
img_023_005_00214.thm.tif -152.846493 -60.500148 -60.693506 657729.359366 6860689.997733 45.768447
img_023_005_00215.thm.tif -141.165003 -56.884987 -50.580005 657729.523376 6860690.024341 45.846503
img_023_005_00216.thm.tif -132.013409 -52.250580 -43.036794 657729.635531 6860690.055687 45.898200
img_023_005_00217.thm.tif -121.539490 -44.252982 -35.155535 657729.726417 6860690.130907 45.937682
img_023_005_00218.thm.tif -114.545188 -36.688284 -30.525223 657729.785300 6860690.216399 45.962981
img_023_005_00219.thm.tif -108.476940 -28.572316 -27.160383 657729.848291 6860690.298752 45.989910
img_023_005_00220.thm.tif -104.496714 -21.640096 -25.343360 657729.903604 6860690.359649 46.015931
img_023_005_00221.thm.tif -100.450592 -14.975428 -24.029459 657729.975472 6860690.404900 46.045327
img_023_005_00222.thm.tif -94.114066 -1.818899 -23.135960 657730.112661 6860690.409094 46.109352
img_023_005_00223.thm.tif -90.163401 6.476532 -23.230210 657730.200064 6860690.390174 46.152461
img_023_005_00224.thm.tif -86.045912 14.773787 -23.940294 657730.285627 6860690.358164 46.194691
img_023_005_00225.thm.tif -80.721505 24.513970 -25.736992 657730.381447 6860690.313181 46.241587
img_023_005_00226.thm.tif -75.763853 32.319838 -28.147711 657730.460842 6860690.274707 46.281779
img_023_005_00227.thm.tif -70.224423 39.165770 -31.345058 657730.531161 6860690.225303 46.319930
img_023_005_00228.thm.tif -62.113717 47.202927 -36.833689 657730.603279 6860690.154687 46.357667
img_023_005_00229.thm.tif -50.513254 54.412199 -45.912021 657730.670766 6860690.064095 46.393785
img_023_005_00230.thm.tif -37.319495 59.828735 -57.054807 657730.676094 6860689.967234 46.401477
img_023_005_00231.thm.tif -16.408647 63.824886 -75.398308 657730.683710 6860689.851535 46.411245
img_023_005_00232.thm.tif 3.244785 64.056026 -92.992207 657730.671781 6860689.748875 46.410884
img_023_005_00233.thm.tif 10.438887 62.734563 -99.548443 657730.623839 6860689.708428 46.389807
img_023_005_00234.thm.tif 12.193424 63.612800 -101.153592 657730.488378 6860689.729173 46.323135
img_023_005_00235.thm.tif 11.697097 63.747647 -100.689553 657730.313871 6860689.749955 46.238716
img_023_005_00236.thm.tif 14.585594 63.311491 -103.363015 657730.120558 6860689.759679 46.145153
img_023_005_00237.thm.tif 15.822608 63.132723 -104.477520 657729.909825 6860689.781136 46.044170
img_023_005_00238.thm.tif 17.536867 63.006401 -106.014217 657729.691470 6860689.805121 45.937513
img_023_005_00239.thm.tif 20.175876 62.555315 -108.473184 657729.488606 6860689.824277 45.838674
img_023_005_00240.thm.tif 18.055924 62.805663 -106.609145 657729.279747 6860689.873088 45.736810
img_023_005_00241.thm.tif 14.359776 63.222509 -103.364503 657729.075671 6860689.920070 45.636278
img_023_005_00242.thm.tif 16.327522 63.087748 -105.128873 657728.859807 6860689.942589 45.531781
img_023_005_00243.thm.tif 21.598351 62.338529 -109.797758 657728.630977 6860689.950021 45.422626
img_023_005_00244.thm.tif 23.288924 61.883323 -111.286402 657728.425306 6860689.983811 45.322118
img_023_005_00245.thm.tif 20.207583 62.218175 -108.525553 657728.236830 6860690.035853 45.229573
img_023_005_00246.thm.tif 17.666869 62.545097 -106.261452 657728.028398 6860690.083303 45.127022
img_023_005_00247.thm.tif 16.284752 62.934092 -105.067541 657727.800524 6860690.129250 45.014074
img_023_005_00248.thm.tif 16.832296 63.122809 -105.569775 657727.568581 6860690.158849 44.900021
img_023_005_00249.thm.tif 16.581934 63.124484 -105.385074 657727.373570 6860690.189861 44.804423
img_023_005_00250.thm.tif 15.064850 63.379067 -103.984143 657727.168159 6860690.225796 44.703494
img_023_005_00251.thm.tif 15.078949 63.133711 -103.969422 657726.970155 6860690.247452 44.608420
img_023_005_00252.thm.tif 15.941703 63.148037 -104.668532 657726.754928 6860690.275825 44.503426
img_023_005_00253.thm.tif 14.226030 63.524903 -103.047339 657726.543920 6860690.310397 44.401265
img_023_005_00254.thm.tif 13.231968 63.606910 -102.109186 657726.334119 6860690.337821 44.299205
img_023_005_00255.thm.tif 14.070009 63.652733 -103.048143 657726.132487 6860690.360568 44.201203
img_023_005_00256.thm.tif 10.252849 63.771066 -99.529585 657725.932956 6860690.397405 44.104799
img_023_005_00257.thm.tif 11.101774 63.817967 -100.318034 657725.710272 6860690.415219 43.997430
img_023_005_00258.thm.tif 10.656002 63.568680 -100.047347 657725.502933 6860690.437358 43.898032
img_023_005_00259.thm.tif 11.394137 63.672337 -100.563239 657725.292698 6860690.452521 43.795878
img_023_005_00260.thm.tif 9.961176 64.074038 -99.342144 657725.076981 6860690.482505 43.689924
img_023_005_00261.thm.tif 6.732208 64.182729 -96.335775 657724.876945 6860690.510089 43.592697
img_023_005_00262.thm.tif 4.056920 64.348667 -93.992641 657724.660630 6860690.532228 43.488146
img_023_005_00263.thm.tif 2.278674 64.518864 -92.531518 657724.460375 6860690.551027 43.390401
img_023_005_00264.thm.tif 1.015372 64.476242 -91.364840 657724.270330 6860690.556711 43.298956
img_023_005_00265.thm.tif 2.098709 64.268966 -92.338200 657724.066359 6860690.552822 43.202585
img_023_005_00266.thm.tif 4.972988 64.116714 -94.870635 657723.839108 6860690.546217 43.094331
img_023_005_00267.thm.tif 6.201481 64.129312 -95.949031 657723.614772 6860690.551880 42.986668
img_023_005_00268.thm.tif 4.460102 64.323469 -94.435400 657723.416512 6860690.570438 42.890157
img_023_005_00269.thm.tif 6.540702 64.183944 -96.268416 657723.200360 6860690.567257 42.786960
img_023_005_00270.thm.tif 6.777007 64.313034 -96.421966 657722.977116 6860690.580360 42.680383
img_023_005_00271.thm.tif 9.620692 63.783623 -99.092209 657722.765298 6860690.579689 42.579102
img_023_005_00272.thm.tif 10.681993 63.631924 -99.900374 657722.538029 6860690.593255 42.470167
img_023_005_00273.thm.tif 14.079153 63.215656 -102.945749 657722.324515 6860690.596399 42.367600
img_023_005_00274.thm.tif 15.020444 63.309688 -103.865272 657722.101937 6860690.622463 42.258921
img_023_005_00275.thm.tif 13.201796 63.535340 -102.179824 657721.860310 6860690.661167 42.141721
img_023_005_00276.thm.tif 12.763542 63.510643 -101.818301 657721.614660 6860690.691304 42.022181
img_023_005_00277.thm.tif 12.755506 63.305819 -101.987558 657721.379460 6860690.723993 41.907042
img_023_005_00278.thm.tif 11.369329 63.723271 -100.834857 657721.149071 6860690.755510 41.793775
img_023_005_00279.thm.tif 12.119807 63.591841 -101.405207 657720.898638 6860690.778146 41.671825
img_023_005_00280.thm.tif 10.280927 63.482708 -99.821829 657720.658433 6860690.810607 41.555676
img_023_005_00281.thm.tif 11.592179 63.475685 -100.900620 657720.421388 6860690.824304 41.440612
img_023_005_00282.thm.tif 13.488728 63.188433 -102.545673 657720.182293 6860690.840981 41.324174
img_023_005_00283.thm.tif 13.303873 63.361570 -102.374607 657719.951027 6860690.870972 41.209720
img_023_005_00284.thm.tif 11.354384 63.945249 -100.549493 657719.725131 6860690.903614 41.099121
img_023_005_00285.thm.tif 10.184508 63.948921 -99.433720 657719.499300 6860690.927243 40.991596
img_023_005_00286.thm.tif 9.406861 64.309331 -98.523943 657719.267228 6860690.946619 40.879280
img_023_005_00287.thm.tif 10.337482 63.837568 -99.491439 657719.039503 6860690.967113 40.770926
img_023_005_00288.thm.tif 9.801127 63.596017 -98.926735 657718.815190 6860690.988377 40.662695
img_023_005_00289.thm.tif 6.119255 64.149562 -95.698471 657718.600159 6860691.024090 40.557580
img_023_005_00290.thm.tif 4.866896 64.080936 -94.718919 657718.371742 6860691.041805 40.447386
img_023_005_00291.thm.tif 7.208091 64.143502 -96.793231 657718.106036 6860691.042844 40.320058
img_023_005_00292.thm.tif 6.895108 64.006202 -96.533335 657717.841895 6860691.063288 40.194053
img_023_005_00293.thm.tif 8.064692 64.161148 -97.546900 657717.610813 6860691.070914 40.082835
img_023_005_00294.thm.tif 8.112080 64.136485 -97.662966 657717.368273 6860691.088111 39.965401
img_023_005_00295.thm.tif 8.079454 64.099340 -97.588961 657717.101285 6860691.105868 39.838306
img_023_005_00296.thm.tif 7.807598 63.872511 -97.259634 657716.847505 6860691.125466 39.716893
img_023_005_00297.thm.tif 10.183316 63.772614 -99.467169 657716.600482 6860691.132498 39.598614
img_023_005_00298.thm.tif 13.574631 63.288546 -102.557626 657716.341110 6860691.143562 39.475044
img_023_005_00299.thm.tif 14.621144 63.278464 -103.515232 657716.096926 6860691.167286 39.357336
img_023_005_00300.thm.tif 12.798613 63.698509 -101.788429 657715.850160 6860691.206828 39.237020
img_023_005_00301.thm.tif 13.220162 63.275455 -102.264610 657715.592248 6860691.233513 39.112492
img_023_005_00302.thm.tif 13.601489 63.240677 -102.538485 657715.346788 6860691.260971 38.994586
img_023_005_00303.thm.tif 14.835087 63.335466 -103.573272 657715.101155 6860691.286451 38.874997
img_023_005_00304.thm.tif 16.792953 63.205091 -105.247253 657714.865605 6860691.306633 38.760192
img_023_005_00305.thm.tif 19.553029 62.630774 -107.770930 657714.643937 6860691.329902 38.653624
img_023_005_00306.thm.tif 15.472281 63.210331 -104.091404 657714.451670 6860691.381910 38.560792
img_023_005_00307.thm.tif 6.793461 64.201981 -96.355548 657714.319736 6860691.445617 38.494736
img_023_005_00308.thm.tif -12.223312 64.125823 -79.087411 657714.249849 6860691.530371 38.458670
img_023_005_00309.thm.tif -31.374623 61.507983 -61.945064 657714.176323 6860691.619244 38.419792
img_023_005_00310.thm.tif -48.379840 55.940586 -47.442743 657714.090678 6860691.713932 38.374116
img_023_005_00311.thm.tif -61.039908 47.892172 -37.311483 657713.995994 6860691.789527 38.327337
img_023_005_00312.thm.tif -69.932057 39.130884 -31.167075 657713.889293 6860691.846994 38.274271
img_023_005_00313.thm.tif -76.035434 31.025100 -27.651787 657713.789692 6860691.874622 38.225318
img_023_005_00314.thm.tif -81.249911 22.481526 -25.280562 657713.682324 6860691.880455 38.175249
img_023_005_00315.thm.tif -86.994665 11.956581 -23.504097 657713.545966 6860691.850653 38.110637
img_023_005_00316.thm.tif -92.329254 1.237970 -22.986978 657713.419339 6860691.799240 38.051592
img_023_005_00317.thm.tif -97.301138 -9.239485 -23.399281 657713.314164 6860691.745409 38.005857
img_023_005_00318.thm.tif -102.736862 -20.246365 -24.724775 657713.213748 6860691.673342 37.963662
img_023_005_00319.thm.tif -108.206521 -29.352069 -26.978836 657713.147813 6860691.578712 37.934221
img_023_005_00320.thm.tif -115.020880 -38.776626 -30.667059 657713.100054 6860691.467551 37.916027
img_023_005_00321.thm.tif -125.061320 -48.350225 -37.635034 657713.082589 6860691.312146 37.915561
img_023_005_00322.thm.tif -135.410779 -55.180915 -45.842432 657713.100691 6860691.190894 37.929493
img_023_005_00323.thm.tif -149.511860 -60.520372 -57.634906 657713.162494 6860691.061184 37.966202
img_023_005_00324.thm.tif -164.356837 -63.510979 -70.705919 657713.265692 6860690.956319 38.020123
img_023_005_00325.thm.tif -172.847018 -64.300797 -78.275251 657713.401730 6860690.898147 38.088021
img_023_005_00326.thm.tif -176.827100 -64.494778 -81.813735 657713.471476 6860690.873513 38.122600
